135
49893
3614
59
2439
19473
437855
21002
12995
4174
116
491992
3243
459940
363
2299
7622
2533
28006
6246
244
3176
59915
4632
48397
86160
1551
25527
41
524
176208
6871
19501
8107
14325
5305
107232
1665
15728
5138
7971
1822
84053
4099
9089
38828
37201
90657
124052
151
15360
141377
30108
4133
26395
176
32311
10134
37392
40245
2261
28919
139728
2116
5429
27160
1440
333
111379
21100
2955
2807
16283
1193
1269
2966
100
5477
6193
5131
372
66607
12863
36458
47184
9901
70878
11144
1501
19912
5924
73
5386
6423
10633
47126
40767
1438
11982
6490
7792
1258
9886
133399
62182
9578
2013
34
15277
86401
3771
11331
2249
1143
31801
5222
5322
205837
43559
1688
2116
8
9853
82729
102424
6
2046
295
223
8224
55422
2939
36100
5587
93
8456
187
1993
430857
106
124403
17141
6138
504
715
50629
39613
359722
66601
122
9323
48
14217
75491
1244
968
513
580
197
1189
14928
614
13478
407
11824
3423
2072
184
446
3602
109010
63133
8307
45
83458
18869
31533
3084
12569
124142
9243
166
1622906
266670
424
39304
103600
45576
10032
435
9456
86023
25904
6037
204
2184
76022
45769
2836
217
19404
372928
25881
758
58514
37609
68604
30282
18772
116951
47384
4772
19697
15002
10271
4432
1043
1986
1888
164168
21907
5897
10840
18331
26902
44545
872
426384
67621
12454
18063
11081
166534
23517
10397
476
113616
24796
5137
460316
4461
288947
9946
2237
216519
137809
3236
23418
20086
44381
61
12511
67892
2384
3596
496260
52743
265699
65954
29610
184
75330
81782
1716
2596
13613
8678
29723
8630
578
4618
15625
26532
10640
70773
2347
31249
3087
27065
2136
8461
4000
251203
295103
334
15896
17782
5702
7294
4126
12762
1619
422555
9487
211
89
104229
61
35728
8870
212
48693
24079
47294
47954
28570
10779
1020568
1552
11969
1543
13188
916
2732
10039
6931
22570
25381
26797
10286
244120
253942
21188
61091
8864
1743615
500413
8185
267
6224
137684
14513
5523
233265
36630
3892
405
4588
65834
27618
15953
11321
5385
17924
5412
80196
69361
28284
20976
37788
20453
19793
56005
1394
10772
187
182462
6406
63281
1757
45667
139
642
27577
49013
11290
8732
13058
22361
221338
4095
1083
325
5917
2316
3511
5043
7827
163065
337
256157
1619
2575
335
8545
6095
4771
49249
84
5850
9544
79393
312
269587
127
70000
23275
1094
1490
122428
6505
4441
33088
79272
3707
10552
43
72393
192739
6563
30691
92588
20457
15269
2860
31402
69106
3311
85057
42781
29904
23913
33090
1553
1481
2332
15676
18017
188884
124
151
56
6924
8605
1399
1418
101676
4268
6039
15034
45159
6526
27334
15770
1963
26334
13914
6842
1379
290
136
4356
112651
5172
966
130487
8631
54584
219
5841
16316
25533
389
62566
285637
26597
10375
19158
9013
105511
42099
2901
4832
6298
1758
20202
34976
12076
10909
2976
13373
36652
3392
358
5678
7473
372
138
29168
10976
1910
73765
2943
331
1963
167
99
1017366
2316
57
586
5385
13539
528
868
70
6998
2094
3464
641383
1562
37845
20887
2956
13796
4056
7167
87
25520
96400
15828
24525
24746
28164
71049
31315
45835
23974
19550
49448
212
1486
26059
25855
16580
323045
17940
286373
166391
3216
274262
3567
27247
260
2778
59721
3139
7214
37416
121
29840
739
2579
3701
16495
9917
3651
415903
25833
3771
460
8723
771
11798
29392
13256
74941
5867
26202
90092
121775
6462
197
83
10476
130934
11573
5893
44231
3136
1787
48186
288
30
157
70
30391
29653
339528
3425
49157
715
2463
7485
2157
19305
14366
910
2089
4435
272018
6403
12122
38962
1781
4044
205979
10208
5087
5003
8969
47017
797
12899
1535
118
65
16180
36534
38965
41
1933
465
474113
93195
91
2943
33056
11374
9290
6950
592
59220
21762
11078
114744
7929
14171
28532
48020
6073
17498
3374
159740
86744
4581
21452
53156
193634
84762
6011
4129
1083
280
56511
20389
16677
444
16764
35175
2636
6266
12669
852
2015
791
9446
3423
794
100201
8477
90
6527
11390
10861
6921
43948
58955
36410
279143
18
6536
7208
166917
57008
1891
10156
66
29899
3518
15714
2510
257
5921
9511
1581
82105
1899
192854
506
2162
3182
25230
54211
551
203469
51119
3979
286
10703
6278
10760
1788
72589
52059
21974
1803
722
897
88007
163
10430
3105
13193
4102
438204
105975
16382
9278
6474
240612
111438
95053
5355
504
58522
78309
589
10981
3976
4627
51194
2107
6219
37438
299
34710
179622
751
112992
9505
10942
9265
91666
1770
24522
9707
2508
8264
373
2119
357
5284
12911
395
8422
2493
2740
138492
25054
9819
16837
3771
4678
5464
9184
2373
32785
188314
58119
6800
7199
8798
10246
10804
1853
6976
1161
31685
190825
13681
194324
4
2737
262233
6429
552238
46
30050
57808
149487
337843
43596
204347
28686
57051
4844
10358
224
6823
2668
15781
2210
19729
358
1604
13539
22868
56894
6953
80880
41414
8631
18479
132
36599
394
93
5378
1619
3488
7369
2644
8236
27318
45763
25698
1385
31485
7326
41837
44112
55225
4089
9462
7385
23471
65835
767
42346
15671
450
21399
91433
4392
54894
5143
5316
10081
1621
203820
151
2480
162816
1781
2472
2546
67587
501255
184177
2356
8400
87625
4446
79709
496
7981
753642
13927
18774
48964
290
64670
40568
32340
137447
357564
92879
48884
8830
24933
7392
849
49054
63611
98591
348
9462
7947
7228
37713
42241
77
165408
748
57054
46837
187
2049
6598
40804
951
560
1283
120639
350470
322995
108788
42478
3431
1241
20
32304
33375
50309
19055
1166
4014
27280
3092
13
52728
3914
10810
135
16646
5052
22174
4832
44080
21712
152876
728751
72219
10615
14205
45098
2043
2316
1422
14803
5142
439
958
15593
1302557
57934
4575
21328
41857
79250
71396
13205
1817
10017
11824
102043
3122
37355
6000
23111
7082
53324
55221
10389
3161
12243
97045
5618
3041
220
70062
2276
87379
4621
6324
48240
6334
129926
8704
105874
84051
7705
1551
360584
14411
126370
24487
3959
20671
