1875 3502
2938 1039
10942 1039
323 920
5280 780
528 2992
67 667
2417 989
4132 1314
4132 1314
4132 1314
6821 4
6821 827
589 1875
2566 1115
102 4
102 2933
102 2225
102 719
1719 2168
97 31
1220 1318
42 601
29 499
1851 1243
5654 11
5654 4
7731 1656
7 11833
16558 4397
60487 4397
6073 4397
6073 9
821 1978
242 2736
45 4
14695 423
203 7854
13 60
1170 1580
74 1580
5 4
1660 1011
8994 31
7980 122
18425 17609
397 658
397 4
1039 3772
8449 3772
35 2399
11832 253
5012 4555
10790 33956
12170 4
3183 2623
3183 1890
1118 411
755 1201
5247 1201
188 2114
145 4136
83 34665
34 4
2480 18
1471 684
955 4374
1514 724
1514 79
1514 22611
3890 19
3890 18
103 83
14 4
1689 750
2248 750
2248 53
2248 422
77 1557
4941 7247
2661 2796
2661 6844
1436 4
18160 4
258 4
1008 4
1966 4
7956 546
6990 961
3508 7813
72852 120
72852 14624
1828 9186
5540 5987
1546 2282
1546 2410
13336 4
9834 1809
9834 1211
9834 2215
51 287
9760 1474
418 1474
8849 2417
537 2319
1724 707
1724 20745
6904 1052
6904 1543
6904 1481
64 61
9110 3228
103860 3577
103860 4
257 4
4573 4
214956 1459
214956 467
376 133
376 15
217 4
45 95
6333 2595
25 4
3051 2106
27964 2106
39178 8231
5609 729
167 70033
2030 1431
2030 989
2889 546
2889 954
1105 331
1105 4
329 9
1861 7395
33 117
800 19552
32255 5841
114564 283
135577 6226
1538 178
2 656
6346 479
292 1351
1838 1618
10 1009
131 2942
2367 173
43276 2518
60 46696
4014 1100
4014 23530
19932 6627
579 6627
55225 1535
9385 16122
65002 4121
3012 182
3012 1097
721 4905
721 7069
12353 421
188 1272
48 41
48 456
48 36851
301 36851
2386 327
30650 4211
173 48
56756 26991
2117 5722
661 2221
11652 3325
36702 1659
36702 4
1237 596
954 4
128 716
2261 9191
1332 3806
681 4
681 1097
3694 3760
4495 6914
42050 2151
1919 2151
249 3306
630 597
243553 176
1848 249
7515 249
282809 1359
3030 4358
17 4358
523 227
565 317
31 94
31 16102
3037 1129
3037 1129
5026 1240
2530 481
13678 726
13678 10179
3606 10179
3606 284
3300 4
3300 4
47 2016
47 542
1440 924
1440 924
28 11406
645 149
269 3358
838 12
2117 3301
2117 4
2117 3403
1014 6155
12909 534
9560 2400
823 399
19133 4574
3895 4574
3895 1673
6097 138
112 6332
8709 5173
3838 2056
17745 91
141 5972
141 5972
293 597
358 597
348 382
1289 487
61 7494
61 51
15832 2119
4447 425
441 12532
25 238
25 238
25 17290
2 50
3609 3433
530 2181
3028 2944
353 9961
809 4
4 4254
801 92
9 25951
9 4
11927 2389
11528 1871
3351 516
565 729
28644 890
81802 890
11322 890
24 661
24 811
11052 1994
3191 2241
4506 545
9699 2254
680 1251
3690 23080
164 691
7 1021
638 856
14196 6509
75 1317
398 2178
2523 778
748 638
688 8729
2 4
2 569
2 1653
2751 1653
6098 2105
7010 25
11734 6212
596 2072
21033 599
2044 8748
20312 90
45045 2723
85 1406
407 1998
407 684
978 1369
529 1494
529 166
529 4
92 1920
446 3810
1002 41363
135 1111
4540 1380
2150 17099
277 730
1397 24465
93 454
911 6218
1889 6218
5908 6078
11 1348
168 43
995 1640
16 333
3087 4
3087 1058
391 7375
22755 14
469 9
332 57
2384 1292
2031 78
2031 4
5166 3485
574 379
56767 6812
2023 3635
2126 827
1 1342
1 1145
1917 140
1917 58943
224 6633
1351 4
113 3453
113 204
1633 5672
691 2999
689 2999
2288 454
2288 1216
167 16
18056 144
18056 295
23 7216
51 4
915 4921
1061 1823
1103 1081
5533 3416
5533 4
18 4556
3551 834
3551 834
6 8604
4638 2136
