152
12275
304
118
84
27
68
507
274
11562
975
1552
61
33
80
51
46244
36
17244
12398
20
47
802
112
20
1221
28
20473
1368
4665
75
2880
202
21
32
26
20
348
48134
68
24
45
26
18315
77
846
251
4865
1991
242
22
2437
2052
39
44
122
647
422
24
222
37
60
323
17957
120
33
979
32
2183
11265
48
22
115
76
45
37
134
715
1138
40
75
20
163
3958
24
645
1850
2663
2763
36016
191
20
38
56
58
31
514
5578
4134
4444
742
1601
18
232
1019
351
10838
54871
212
55
37
36
4725
61
2078
80
64
42
144
47441
26538
30153
745
686
684
5613
87
21
3803
20
8476
46
23
79
133
16
2014
708
4605
56
227
103
6573
15605
719
34
41
8062
35312
46162
100
24
2629
606
322
32671
56
39
26061
27
1370
825
7024
515
32597
232
55
34
2746
32154
118
72
25
26
8518
913
1077
20
200
57
27
23
25
25
494
25
154
483
10657
219
119
38
86
741
24
1857
573
938
18622
949
334
33
453
1177
26
373
23
19
60825
276
87
50
48
22
40
922
18
1145
641
1930
48
370
85
85
113
661
3240
22
57
1801
36
118
61
3398
20
399
90
43
747
132
419
49
23
23
23247
46917
26
253
6797
25
575
50
36617
381
194
73
100
1329
1522
5310
259
315
654
237
123
67
40
335
14
39018
44
709
3595
816
17337
36
4632
47
6569
16918
71
19
482
83
199
26
2186
3135
37
6954
125
766
21
33400
258
908
40
21
19
284
2269
19158
1721
1331
202
845
647
5774
56
19
6067
5373
239
54
109
26
1555
22
20
29
42
92
42136
142
54
38
56
137
217
782
691
68
24
2010
15621
56
8075
5212
194
2257
3673
174
9280
24
20
60879
487
1206
25
20
652
3551
657
33
1027
69
24358
24799
64
20
32
2160
20
701
1790
39092
18
124
22
218
1846
20
1992
10716
10840
17
134
27
190
941
113
3651
565
367
42611
24
21
281
146
2726
537
48
6475
173
169
40
689
576
76
675
1063
124
167
34
38
46
30
763
103
24
58633
86
4415
16
1152
20
712
17488
54
9166
21102
1430
30263
10815
3938
3164
32
1360
30
4617
28
1966
447
61
1800
43
229
6212
20285
1670
680
2951
5994
55
39
85
20
1472
53
42
21144
48
1482
3618
21
190
2202
54
617
9493
654
244
13914
418
556
19
31721
10274
562
27
411
832
66
24505
83
2181
49
2413
75
1575
255
347
22
482
5129
169
1566
72
67770
36
2350
203
124
359
10289
1714
46
1353
26
24
468
7509
186
2165
78
595
22
51
55
3327
6434
74
8639
20
24
434
97
168
31
17
26254
23
597
476
996
25
3664
37
53
8118
1500
141
21328
246
28
21
5657
1504
25
2009
43558
30
33656
31
156
1089
29
44
255
348
78
127
410
27
27
20
32
319
21
334
24
601
2758
31
45
58
16
2986
3554
5248
33
1814
113
20
2929
81
18774
1933
1846
2429
1313
19
2052
17
407
3280
595
318
69603
1097
35
20
20
232
67
1591
54
59
775
42436
5256
54
19
436
72
40
530
154
531
23
1488
966
28
654
34
22
2000
261
1786
85
1386
2216
4551
59
1735
222
39
640
95
35
25
170
34
4394
9553
26983
116
23
964
51
27
79
26
66
13851
15809
47
27
311
13639
34
49
21
81
20
2805
649
1567
305
2350
42
181
3433
355
156
24
626
111
5449
25
13704
29
2031
1586
1876
502
3635
23
424
430
28
1807
17994
55
1724
474
958
31194
3259
339
25
29122
21
94
85
23
5752
207
1679
2259
20
1090
16
21
10
127
48
1581
33
12609
183
142
1608
23
13652
54
372
790
378
2085
971
24287
1180
782
1843
74
3897
38322
873
107
21
20
40
1573
8595
21904
351
43
1981
340
23
236
324
64
3451
294
45
159
1671
50
163
45164
174
18305
32
12414
19
34
2856
120
144
535
1911
23
19
9691
33007
264
320
19227
619
30
1695
558
102
95
27
3356
186
2977
871
5285
102
19
35
46
25
5792
29
47
111
2717
36
84
24
30
129
8528
15
24002
324
15821
22
21277
23
108
305
76
33
154
2632
34
20
25
468
30
88
2659
1492
32
518
23
27
76
56
28775
133
4863
8815
98
19
99
25
547
9691
24
50
1294
566
9261
4021
19
306
24
41
62
678
97
131
494
451
48
32
373
28
19038
3142
676
82
32
2365
613
5842
29
38
31
4251
347
4481
39
439
559
41
32
4299
227
1191
20
39
24
16027
35
648
3775
23
730
1706
699
157
1251
943
1136
306
4118
146
13820
53626
930
40
78731
23
49
443
1684
45
10
84
1642
548
92
1015
222
37
112
297
23
133
509
22
3744
5849
22
416
22
18
5131
15272
306
407
29
21
47
279
931
1586
74
269
21
317
32
48742
68
35459
40208
30
22
18053
99
28
1100
1760
51
34133
98
1350
18021
333
7301
3009
21713
1929
24
5418
4714
20197
20
29211
838
86
6290
60
265
5543
20
62
25998
2011
36168
29
50
522
32
759
19
3456
810
3033
630
26
351
30
20
54
21
2413
34
2745
186
1587
42
