3502
1039
1039
920
780
2992
667
989
1314
1314
1314
4
827
1875
1115
4
2933
2225
719
2168
31
1318
601
499
1243
11
4
1656
11833
4397
4397
4397
9
1978
2736
4
423
7854
60
1580
1580
4
1011
31
122
17609
658
4
3772
3772
2399
253
4555
33956
4
2623
1890
411
1201
1201
2114
4136
34665
4
18
684
4374
724
79
22611
19
18
83
4
750
750
53
422
1557
7247
2796
6844
4
4
4
4
4
546
961
7813
120
14624
9186
5987
2282
2410
4
1809
1211
2215
287
1474
1474
2417
2319
707
20745
1052
1543
1481
61
3228
3577
4
4
4
1459
467
133
15
4
95
2595
4
2106
2106
8231
729
70033
1431
989
546
954
331
4
9
7395
117
19552
5841
283
6226
178
656
479
1351
1618
1009
2942
173
2518
46696
1100
23530
6627
6627
1535
16122
4121
182
1097
4905
7069
421
1272
41
456
36851
36851
327
4211
48
26991
5722
2221
3325
1659
4
596
4
716
9191
3806
4
1097
3760
6914
2151
2151
3306
597
176
249
249
1359
4358
4358
227
317
94
16102
1129
1129
1240
481
726
10179
10179
284
4
4
2016
542
924
924
11406
149
3358
12
3301
4
3403
6155
534
2400
399
4574
4574
1673
138
6332
5173
2056
91
5972
5972
597
597
382
487
7494
51
2119
425
12532
238
238
17290
50
3433
2181
2944
9961
4
4254
92
25951
4
2389
1871
516
729
890
890
890
661
811
1994
2241
545
2254
1251
23080
691
1021
856
6509
1317
2178
778
638
8729
4
569
1653
1653
2105
25
6212
2072
599
8748
90
2723
1406
1998
684
1369
1494
166
4
1920
3810
41363
1111
1380
17099
730
24465
454
6218
6218
6078
1348
43
1640
333
4
1058
7375
14
9
57
1292
78
4
3485
379
6812
3635
827
1342
1145
140
58943
6633
4
3453
204
5672
2999
2999
454
1216
16
144
295
7216
4
4921
1823
1081
3416
4
4556
834
834
8604
2136
