1875
2938
10942
323
5280
528
67
2417
4132
4132
4132
6821
6821
589
2566
102
102
102
102
1719
97
1220
42
29
1851
5654
5654
7731
7
16558
60487
6073
6073
821
242
45
14695
203
13
1170
74
5
1660
8994
7980
18425
397
397
1039
8449
35
11832
5012
10790
12170
3183
3183
1118
755
5247
188
145
83
34
2480
1471
955
1514
1514
1514
3890
3890
103
14
1689
2248
2248
2248
77
4941
2661
2661
1436
18160
258
1008
1966
7956
6990
3508
72852
72852
1828
5540
1546
1546
13336
9834
9834
9834
51
9760
418
8849
537
1724
1724
6904
6904
6904
64
9110
103860
103860
257
4573
214956
214956
376
376
217
45
6333
25
3051
27964
39178
5609
167
2030
2030
2889
2889
1105
1105
329
1861
33
800
32255
114564
135577
1538
2
6346
292
1838
10
131
2367
43276
60
4014
4014
19932
579
55225
9385
65002
3012
3012
721
721
12353
188
48
48
48
301
2386
30650
173
56756
2117
661
11652
36702
36702
1237
954
128
2261
1332
681
681
3694
4495
42050
1919
249
630
243553
1848
7515
282809
3030
17
523
565
31
31
3037
3037
5026
2530
13678
13678
3606
3606
3300
3300
47
47
1440
1440
28
645
269
838
2117
2117
2117
1014
12909
9560
823
19133
3895
3895
6097
112
8709
3838
17745
141
141
293
358
348
1289
61
61
15832
4447
441
25
25
25
2
3609
530
3028
353
809
4
801
9
9
11927
11528
3351
565
28644
81802
11322
24
24
11052
3191
4506
9699
680
3690
164
7
638
14196
75
398
2523
748
688
2
2
2
2751
6098
7010
11734
596
21033
2044
20312
45045
85
407
407
978
529
529
529
92
446
1002
135
4540
2150
277
1397
93
911
1889
5908
11
168
995
16
3087
3087
391
22755
469
332
2384
2031
2031
5166
574
56767
2023
2126
1
1
1917
1917
224
1351
113
113
1633
691
689
2288
2288
167
18056
18056
23
51
915
1061
1103
5533
5533
18
3551
3551
6
4638
